no	date	views	recs	comments	query	title	author
76806	20:36	조회 149	추천0	2	subject:럼블	연휴 크 럼블 만하다 끝났네 ㅅㅂ	신성한바티..
76740	18:05	조회 52	추천0	0	subject:럼블	크 럼블 에서 피겨 장판 위치가 이상해진 것 같다	ㅇㅇ
76694	16:36	조회 79	추천0	0	subject:럼블	근데 멜로우버니 쿠키도 크 럼블 에 나왔으면 좋겠어요	JoeBiden
76613	13:30	조회 108	추천0	2	subject:럼블	크 럼블 렙 의미없게 냅둘거면 렙당공증같은거 붙여줘라	청소부맛쿠..
76587	12:39	조회 192	추천0	5	subject:럼블	지금도 광고제거 크 럼블 패스 5.5 영구팩이 효율 좋음?	ㅇㅇ
76275	09.26	조회 71	추천0	0	subject:럼블	스증스가우석마런 크 럼블	ㅇㅇ
76173	09.26	조회 379	추천3	4	subject:럼블	‼️쿠 럼블 3만결사대 개떡상‼️	ㅇㅇ
76094	09.26	조회 214	추천0	0	subject:럼블	아 크 럼블 왜 이리 빨리 끝내나요~	ㅇㅇ
75764	09.26	조회 263	추천0	1	subject:럼블	자동사냥보상 못받아서 쿠 럼블 지웠어 ㅠㅠ	ㅇㅇ
75660	09.25	조회 256	추천0	1	subject:럼블	크 럼블 던전 존나 이상하네	ㅇㅇ(218.235)
75470	09.25	조회 68	추천0	0	subject:럼블	크 럼블 플레이포인트 못쓰는거 개꼬움	ㅇㅇ
75296	09.25	조회 271	추천2	1	subject:럼블	크 럼블 던전 왜 체력바가 뜨냐?	콜필드_
75047	09.24	조회 142	추천0	1	subject:럼블	크 럼블 허브 기준 55프로인데	ㅇㅇ
74976	09.24	조회 202	추천0	1	subject:럼블	크 럼블 던전 좀 개선해주면 안되나?	ㅇㅇ
74950	09.24	조회 215	추천14	1	subject:럼블	쿠 럼블 정도면	ㅇㅇ
74944	09.24	조회 51	추천0	0	subject:럼블	구플베 아디(a) 크 럼블 연동아디(b) a로 b 결제법없어요?	ㅇㅇ
74929	09.24	조회 88	추천0	0	subject:럼블	크 럼블 에서 피겨가 장판을 구석에 까는데	ㅇㅇ
74882	09.24	조회 341	추천0	7	subject:럼블	갤스에 크 럼블 30퍼가 어딨다는거야 씨발!!!!!!!!!!!!!!!	ㅇㅇ
74826	09.24	조회 378	추천2	8	subject:럼블	크 럼블 하루종일 하니까 추석 ㅈㄴ 알차네	건소이
74808	09.24	조회 202	추천0	2	subject:럼블	크 럼블 하루종일 켜놨는데도 반죽 다 못깠네	베참새
74795	09.24	조회 211	추천0	2	subject:럼블	크 럼블 허브 55%컷 완화된거 적용된거임?	ㅇㅇ
74783	09.24	조회 302	추천0	4	subject:럼블	ㅅㅂ 내가 알던 크 럼블 은 크 럼블 이 아니였어	Blue_
74677	09.24	조회 280	추천0	1	subject:럼블	우리 서버도 이제 크 럼블 110명치네	ㅇㅇ
74540	09.24	조회 4988	추천27	16	subject:럼블	크 럼블 광고 뭐임????	ㅇㅇ
74491	09.24	조회 311	추천0	2	subject:럼블	크 럼블 2만원 쿠폰 받았는데 어따씀?	ㅇㅇ
74444	09.24	조회 265	추천0	3	subject:럼블	크 럼블 던전 탑100 칭호	ㅇㅇ(106.101)
74326	09.24	조회 355	추천0	2	subject:럼블	크 럼블 허브 사이트 스테 너프된거 권투 적용함?	ㅇㅇ
74260	09.24	조회 331	추천0	1	subject:럼블	쿠 럼블 가장 행복한 요일 입갤ㅋㅋㅋㅋ	그마1
74243	09.24	조회 345	추천0	3	subject:럼블	크 럼블 패스 사야대나	ㅇㅇ(14.32)
74237	09.23	조회 219	추천0	0	subject:럼블	크 럼블 던전 40마리 우선출격 표기 사라진거같네	ㅇㅇ
74234	09.23	조회 471	추천0	2	subject:럼블	크 럼블 던전 이제 40마리 먼저 나오는거 아니지?	ㅇㅇ
74037	09.23	조회 117	추천0	0	subject:럼블	크 럼블 지금 패치 35mb 뭐임???	VlM
73939	09.23	조회 358	추천0	10	subject:럼블	크 럼블 pc로도 하는사람??	원파복
73858	09.23	조회 573	추천0	8	subject:럼블	크 럼블 패스 사지말까	inyeon
73845	09.23	조회 218	추천0	1	subject:럼블	토끼 크 럼블 던전에서 씀?	ㅇㅇ
73834	09.23	조회 429	추천0	2	subject:럼블	데브겜 크 럼블 만 축제노ㅋㅋ	하나달
73700	09.23	조회 326	추천0	2	subject:럼블	축 5인데 크 럼블 패스,스페셜패스만 사면되냐?	ㅇㅇ
73624	09.23	조회 75	추천0	0	subject:럼블	크 럼블 허브 업뎃안된거지?	ㅇㅇ(59.9)
73595	09.23	조회 401	추천0	5	subject:럼블	크 럼블 패스 내일 사도 되지않냐?	늙고병든
73525	09.23	조회 217	추천0	3	subject:럼블	주간열쇠랑 크 럼블 패스만 사도 ㄱㅊ하지?	vitaminME
73509	09.23	조회 116	추천0	1	subject:럼블	프로필누르고 왼쪽아래에 크 럼블 와펜	ㅇㅇ
73193	09.23	조회 632	추천0	2	subject:럼블	그래도 크 럼블 패스는 오늘 지르는게 맞지?	허브버리고..
73134	09.23	조회 376	추천0	4	subject:럼블	그냥 쿠 럼블 유저 평균이 저거임 ㅇㅇ	늙고병든
73117	09.23	조회 471	추천0	11	subject:럼블	초대이벤트 크 럼블 포함 맞음	러너
73074	09.23	조회 63	추천0	0	subject:럼블	곧 연휴인데 크 럼블 밖에 할게없다	해태
73041	09.23	조회 467	추천0	3	subject:럼블	크 럼블 맘 점검시간 독특한 이유가 뭘까	ㅇㅇ
73037	09.23	조회 397	추천0	1	subject:럼블	크 럼블 던전 케이크들개 빼야댐?	ㅇㅇ(116.255)
72810	09.23	조회 368	추천0	3	subject:럼블	오늘 크 럼블 패스 갱신날인데 패스 빠지기전에 일던 입장횟수 빼고	ㅇㅇ
72759	09.22	조회 517	추천0	6	subject:럼블	크 럼블 우유 무조건 앞으로 보내는 법 깨달았다	ㅇㅇ
72724	09.22	조회 191	추천0	0	subject:럼블	크 럼블 던전 우유 딱붙는 세계선도 있음?	러유
72682	09.22	조회 435	추천0	1	subject:럼블	요즘 크 럼블 던전 깎는맛이 있음 아주	ㅇㅇ
72673	09.22	조회 299	추천3	5	subject:럼블	쿠 럼블 은 먼작귀 콜라보 가자	ㅇㅇ
72589	09.22	조회 59	추천0	0	subject:럼블	크 럼블 던전은 내일 주간정산이 아니네	ㅇㅇ
72286	09.22	조회 3085	추천23	3	subject:럼블	킹덤 접고 걍 크 럼블 에 돈써야지	ㅇㅇ(211.243)
72126	09.22	조회 246	추천0	0	subject:럼블	크 럼블 패스 왜 날짜 줄이냐	ㅇㅇ(220.78)
72117	09.22	조회 332	추천0	1	subject:럼블	ㅇ오늘 지하철에서 크 럼블 하는 사람봄	ㅇㅇ
72087	09.22	조회 103	추천0	0	subject:럼블	크 럼블 던전 핵쟁이 데브랑 유착관계 있냐?	ㅇㅇ(218.39)
72084	09.22	조회 276	추천0	7	subject:럼블	앞섭 크 럼블 던전 1등점수어때?	ㅇㅇ
72051	09.22	조회 3025	추천4	10	subject:럼블	크 럼블 던전 159G 조합 공유	스미노프TF..
72027	09.22	조회 414	추천0	3	subject:럼블	크 럼블 하면서 젤 더럽다고 생각하는거	ㅁㅁ(210.205)
71956	09.21	조회 1629	추천1	5	subject:럼블	크 럼블 던전 128G (투력26배)	ㅇㅇ
71902	09.21	조회 195	추천0	0	subject:럼블	크 럼블 은 매크로 메타구만	ㅇㅇ(58.87)
71634	09.21	조회 296	추천0	4	subject:럼블	바리공주 크 럼블 고유쿠키임?	ㅇㅇ(58.224)
71448	09.21	조회 233	추천0	0	subject:럼블	크 럼블 던전 113G 달성 ㅅㅅ	머하냐
71415	09.21	조회 161	추천0	1	subject:럼블	비몽사몽 럼블 은 위험	ㅇㅇ
71379	09.21	조회 387	추천0	3	subject:럼블	크 럼블 던전 입장 순서	モカ93
71174	09.20	조회 164	추천0	4	subject:럼블,럼블 아레나	크 럼블 아레나 티켓이거	ㅇㅇ(222.109)
71078	09.20	조회 132	추천0	0	subject:럼블	아 크 럼블 어카지	ㅇㅇ
71077	09.20	조회 270	추천0	4	subject:럼블	유동이 말한 크 럼블 던전 보상방식 바뀌는게 뭔말이야	ㅇㅇ
71052	09.20	조회 156	추천0	1	subject:럼블	크 럼블 던전 적립식으로 바뀌면....	ㅇㅇ
71050	09.20	조회 380	추천0	6	subject:럼블	크 럼블 던전보상 진짜 이상하게들어옴ㅇㅇ	ㅇㅇ
70968	09.20	조회 163	추천0	1	subject:럼블	지금 크 럼블 패스 사면 보상 다 못먹지?	ㅇㅇ(211.209)
70882	09.20	조회 129	추천0	0	subject:럼블	크 럼블 던전 고수있어?	갓갓.
70859	09.20	조회 229	추천0	4	subject:럼블	쿠 럼블 스테 밀 때 특	ㅇㅇ
70795	09.20	조회 167	추천0	1	subject:럼블	크 럼블 던전 200g는 다음주면 뚫겠다	피오이하스..
70768	09.20	조회 441	추천0	3	subject:럼블	크 럼블 던전 왜 하루에 열쇠 9개씩 줌?	장애인이다
70761	09.20	조회 43	추천0	0	subject:럼블	뮤뮤로 크 럼블 못함?	ㅇㅇ(219.254)
70729	09.19	조회 285	추천1	1	subject:럼블	크 럼블 광고 개꼴받네	멯멯
70547	09.19	조회 238	추천0	4	subject:럼블	추석 업데이트가 크 럼블 마지막 분기점이겠네	안도이
70512	09.19	조회 145	추천0	2	subject:럼블	크 럼블 이 쿠오븐보다 복잡하고 손 많이가긴함	ㅇㅇ(61.82)
70451	09.19	조회 260	추천0	2	subject:럼블	내가 해본 데브 신작중에 크 럼블 이 가장 재밌는듯	ㅇㅇ
70163	09.19	조회 207	추천0	3	럼블 아레나	아 졸아서 어제 다 날려먹었네	ㅇㅇ
70104	09.18	조회 106	추천0	0	subject:럼블	크 럼블 우유 피통문제인가 해서	ㅇㅇ
70059	09.18	조회 396	추천0	5	subject:럼블	크 럼블 던전 우유 빨리나오네	우우웅12
70030	09.18	조회 522	추천0	10	subject:럼블	크 럼블 던전 보상 진짜배기인것	아르곤
69939	09.18	조회 184	추천0	2	subject:럼블	크 럼블 기대중인거	ㅇㅇ
69893	09.18	조회 182	추천1	4	subject:럼블	쿠 럼블 하면서 애들 이상한 별명으로 부름	ㅇㅇ(180.68)
69891	09.18	조회 435	추천0	3	subject:럼블	‼️좆 럼블 대위기‼️	ㅇㅇ
69884	09.18	조회 164	추천1	5	subject:럼블	근데 크 럼블 맘에 드는게 캐디가 좋음	ㅇㅇ
69529	09.18	조회 145	추천0	2	subject:럼블	아 깜빡하고 크 럼블 안돔	ㅇㅇ
69455	09.17	조회 244	추천0	5	subject:럼블	크 럼블 던전 친사람만 순위에 있는거임?	ㅇㅇ
69414	09.17	조회 802	추천0	1	subject:럼블	크 럼블 던전 총투 28배	전치
69163	09.17	조회 60	추천0	1	subject:럼블	크 럼블 열쇠	ㅇㅇ(115.95)
69099	09.17	조회 212	추천0	3	subject:럼블	크 럼블 던전 입장권 살 필요 있음?	ㅇㅇ
69014	09.17	조회 279	추천0	0	subject:럼블	구플 크 럼블 아이콘 이따위로 바뀌었네	화이트초코..
68978	09.17	조회 200	추천0	6	subject:럼블	혹시 나만 크 럼블 던전 보상 이상함?	ㅇㅇ
68953	09.17	조회 79	추천0	2	subject:럼블	크 럼블 던전 이거 마감시간이 언제인가요?	ㅇㅇ(116.37)
68922	09.17	조회 115	추천0	0	subject:럼블	마일교환소는 털어도 크 럼블 열쇠는 절대 안 산다	ㅇㅇ
68921	09.17	조회 82	추천0	1	subject:럼블	크 럼블 티켓도 마일리지로 사냐	ㅇㅇ
68857	09.17	조회 435	추천0	5	subject:럼블	크 럼블 던전 152 뚫었다	피오이하스..
68854	09.17	조회 355	추천0	2	subject:럼블	원스도 버린 쿠 럼블	ㅇㅇ
68823	09.17	조회 254	추천0	2	subject:럼블	크 럼블 패스 6일남았는데 지금사면 손해야?	유저1195
68804	09.17	조회 650	추천2	3	subject:럼블	크 럼블 던전 244g	ㅇㅇ
68750	09.17	조회 1340	추천13	19	subject:럼블	본진 챙기기 vs 크 럼블 챙기기	gramPH
68721	09.17	조회 343	추천0	9	subject:럼블	진짜 크 럼블 이 무소과금 친화적이긴하네	ㅇㅇ
68697	09.17	조회 382	추천0	5	subject:럼블	걍 마일리지 지금 크 럼블 빼고 다털면됨?	ㅇㅇ
68654	09.16	조회 365	추천0	4	subject:럼블	크 럼블 레벨은 뭐한다고 1000까지 만들었노	Breakthrou..
68537	09.16	조회 269	추천0	3	subject:럼블	하이닉스 청주사업장 전기교육 받는데 크 럼블 하시던분	ㅇㅇ(1.246)
68444	09.16	조회 338	추천2	7	subject:럼블	크 럼블 던전 보상 찐빠 머지요	비비
68400	09.16	조회 125	추천0	2	subject:럼블	크 럼블 보상 12시 기준으로 주는건가	비비
68388	09.16	조회 123	추천0	1	subject:럼블	크 럼블 던전	ㅇㅇ(122.43)
68355	09.16	조회 212	추천0	1	subject:럼블	크 럼블 시발 나만 당첨안되네	피오이하스..
68204	09.16	조회 338	추천0	4	subject:럼블	크 럼블 던전 여러번 돌면 좋은게 있나요	고구마새우..
68173	09.16	조회 189	추천0	2	subject:럼블	크 럼블 던전 첫1g달성	ㅇㅇ
68080	09.16	조회 510	추천0	5	subject:럼블	크 럼블 던전 100g 뚫었다	피오이하스..
68072	09.16	조회 231	추천0	11	subject:럼블	이거 크 럼블 던전 랭킹마감 11시59분에 입장하면 갱신 안되나?	ㅇㅇ
68038	09.15	조회 130	추천0	2	subject:럼블	지금 크 럼블 접속됨?	ㅇㅇ
67992	09.15	조회 283	추천0	8	subject:럼블	데브나우에서 쿠 럼블 은 이격말고 오리지널 고등급 없다고 함	ㅇㅇ
67960	09.15	조회 302	추천0	8	subject:럼블	크 럼블 매일안해도 순위보상 주는거 ㄹㅇ임?	ㅇㅇ
67937	09.15	조회 349	추천0	1	subject:럼블	크 럼블 던전 우유 석류 늦게 오는거 어케해결함	ㅇㅇ
67925	09.15	조회 435	추천0	7	subject:럼블	이거 쿠 럼블 미래될거같아서 나만쫄림?	ㅇㅇ
67814	09.15	조회 126	추천0	0	subject:럼블	난이제 영원히 크 럼블 패스단임 ㅋㅋㅋㅋ	4번타자나..
67786	09.15	조회 163	추천0	1	subject:럼블	크 럼블 팀이 진짜 뚱카롱 한녀팀 맞는게	ㅇㅇ
67744	09.15	조회 71	추천0	0	subject:럼블	워라밸 챙기느라 또 쿠오븐이랑 크 럼블 이랑 업뎃이겹치는군	ㅇㅇ
67707	09.15	조회 161	추천0	1	subject:럼블	다른겜에선 3%강화 잘안되던데 크 럼블 은 다르네	ㅇㅇ
67668	09.15	조회 236	추천0	4	subject:럼블	총투력은 크 럼블 던전 으로 보는거임 ??	choi
67615	09.15	조회 501	추천0	9	subject:럼블	크 럼블 던전 보상 왜이럼 ??	ㅇㅇ
67599	09.15	조회 5482	추천30	14	subject:럼블	크 럼블 하고 버릇좃같은거생김 ㄹㅇ	허허;
67584	09.15	조회 196	추천0	6	subject:럼블	크 럼블 패스가 보통 한달인가?	vitaminME
67576	09.15	조회 262	추천0	1	subject:럼블	회사 IP로 크 럼블 허브 들어갈수있었는데 막혔노	ㅇㅇ
67408	09.15	조회 150	추천0	1	subject:럼블	크 럼블 씨발 개선요청사항	ㅇㅇ(58.225)
67403	09.15	조회 194	추천0	1	subject:럼블	크 럼블 던전보다 토벌전이 더 잘나오는데	ㅇㅇ(221.151)
67341	09.14	조회 373	추천0	2	subject:럼블	서버 상위권들 크 럼블 던전은 다 유기하나	ㅇㅇ
67336	09.14	조회 404	추천0	10	subject:럼블	크 럼블 만우절도 좀 기대되긴 하네	gramPH
67079	09.14	조회 359	추천0	6	subject:럼블	이제 크 럼블 매일 열심히 안쳐도 되는거지?	랑겨울
67042	09.14	조회 346	추천0	2	subject:럼블	크 럼블 던전 뺀다는게 무슨말이냐	ㅇㅇ
67024	09.14	조회 381	추천0	4	subject:럼블	크 럼블 던전 우유 해결법 아는놈 잇냐	러유
66979	09.14	조회 372	추천0	1	subject:럼블	정보글에 크 럼블 던전 꿀팁 없어짐?	ㅇㅇ
66937	09.14	조회 805	추천13	12	subject:럼블	쿠 럼블 할만함? 운영잘해?	ㅇㅇ(220.119)
